5.000000000000000000e-01 5.833333333333333703e-01 1.000000000000000000e+00 5.833333333333333703e-01 5.234657039711191340e-01 5.081433224755700362e-01 5.459610027855152925e-01 5.037313432835820448e-01 5.661764705882352811e-01 5.677083333333333703e-01 5.740072202166065507e-01 5.112474437627811952e-01 5.905631659056316263e-01 5.069204152249134898e-01 5.644736842105263497e-01 5.139949109414758688e-01 5.477941176470588758e-01 5.257731958762886793e-01 5.145631067961164984e-01 5.111111111111110716e-01
5.675000000000000044e-01 5.000000000000000000e-01 7.491548343475321614e-01 6.193895870736085829e-01 5.857544517338332257e-01 5.770282588878760111e-01 5.630983463881635842e-01 9.319470699432892413e-01 6.242937853107344282e-01 5.860306643952299943e-01 6.213683223992502169e-01 6.184519155590304518e-01 5.196959225984796316e-01 5.511695906432748648e-01 5.238709677419355337e-01 6.128486897717666526e-01 6.525423728813559698e-01 6.188714153561517550e-01 5.868971792538671961e-01 6.169811320754716721e-01
1.000000000000000000e+00 8.140635564570656291e-01 5.000000000000000000e-01 1.000000000000000000e+00 9.982014388489208745e-01 1.000000000000000000e+00 9.984326018808777903e-01 1.000000000000000000e+00 1.000000000000000000e+00 1.000000000000000000e+00 1.000000000000000000e+00 9.986979166666666297e-01 1.000000000000000000e+00 1.000000000000000000e+00 5.255052935514917811e-01 9.985119047619047672e-01 1.000000000000000000e+00 1.000000000000000000e+00 1.000000000000000000e+00 1.000000000000000000e+00
5.740740740740740700e-01 6.597845601436265195e-01 9.983416252072968566e-01 5.000000000000000000e-01 5.497382198952879273e-01 6.063348416289592313e-01 5.091575091575091250e-01 5.549450549450549719e-01 5.376344086021505042e-01 5.201342281879194340e-01 5.130890052356020803e-01 5.161290322580645018e-01 6.322241681260946100e-01 5.406504065040650397e-01 5.014836795252225476e-01 5.798045602605863547e-01 5.430107526881720048e-01 5.219512195121951414e-01 5.605381165919282038e-01 5.108695652173913526e-01
5.306859205776173205e-01 6.204311152764760973e-01 9.946043165467626235e-01 5.078534031413612926e-01 5.000000000000000000e-01 5.287356321839080664e-01 5.796460176991150570e-01 5.555555555555555802e-01 5.323741007194244812e-01 5.458167330677290430e-01 5.277777777777777901e-01 5.280898876404493958e-01 7.404580152671755844e-01 5.191011235955056424e-01 5.550239234449760861e-01 5.230769230769231060e-01 5.467625899280575963e-01 5.443037974683544444e-01 5.397727272727272929e-01 5.912408759124088142e-01
5.179153094462540796e-01 5.797629899726527425e-01 1.000000000000000000e+00 5.610859728506787381e-01 5.747126436781608838e-01 5.000000000000000000e-01 5.976562500000000000e-01 5.333333333333333259e-01 6.331360946745562268e-01 5.480427046263345314e-01 6.091954022988506079e-01 5.440414507772021180e-01 5.415162454873646558e-01 5.452631578947368940e-01 5.022831050228310223e-01 5.379310344827585855e-01 6.153846153846154188e-01 6.063829787234042978e-01 5.194174757281553312e-01 6.107784431137724956e-01
5.208913649025069814e-01 6.214099216710182727e-01 9.968652037617554695e-01 5.274725274725274859e-01 5.486725663716813806e-01 5.859375000000000000e-01 5.000000000000000000e-01 5.253456221198156140e-01 5.384615384615384359e-01 5.315315315315315425e-01 5.265486725663717227e-01 5.570776255707762248e-01 6.023102310231023271e-01 5.123339658444022726e-01 5.119887165021156372e-01 5.233918128654970747e-01 5.158371040723982448e-01 5.416666666666666297e-01 5.232558139534884134e-01 5.022831050228310223e-01
5.485074626865671377e-01 6.294896030245746843e-01 9.872029250457038385e-01 5.164835164835165360e-01 5.481481481481481621e-01 5.272727272727272263e-01 5.161290322580645018e-01 5.000000000000000000e-01 5.230769230769231060e-01 5.165289256198346557e-01 5.111111111111110716e-01 5.216138328530259827e-01 6.174757281553397981e-01 5.848623853211009083e-01 5.129449838187701838e-01 5.059760956175298752e-01 5.615384615384615419e-01 5.033557046979866278e-01 5.628742514970059840e-01 5.390625000000000000e-01
5.919117647058823595e-01 6.553672316384180352e-01 9.945553539019963418e-01 5.537634408602150060e-01 5.467625899280575963e-01 6.568047337278106745e-01 5.656108597285067763e-01 5.230769230769231060e-01 5.000000000000000000e-01 5.121951219512195230e-01 5.395683453237409832e-01 5.071225071225071712e-01 7.572254335260115710e-01 5.704545454545454364e-01 5.112540192926045002e-01 5.137254901960783826e-01 5.671641791044775838e-01 5.490196078431373028e-01 5.380116959064327187e-01 5.303030303030302761e-01
5.546875000000000000e-01 5.792163543441226636e-01 1.000000000000000000e+00 5.268456375838925787e-01 5.418326693227091262e-01 5.338078291814946086e-01 5.105105105105105512e-01 5.082644628099173278e-01 5.528455284552845628e-01 5.000000000000000000e-01 5.338645418326692926e-01 5.226781857451403557e-01 6.228209191759112029e-01 5.851449275362319291e-01 5.313351498637601811e-01 5.013623978201634523e-01 5.284552845528455167e-01 5.358490566037735769e-01 5.300353356890459278e-01 5.778688524590164244e-01
5.848375451263537750e-01 6.410496719775070629e-01 9.262589928057554101e-01 5.183246073298429790e-01 6.944444444444444198e-01 6.954022988505746961e-01 5.398230088495574730e-01 5.481481481481481621e-01 5.251798561151078681e-01 5.019920318725099584e-01 5.000000000000000000e-01 5.533707865168538964e-01 6.908396946564885344e-01 5.573033707865168163e-01 5.167464114832536204e-01 5.692307692307692069e-01 5.251798561151078681e-01 5.189873417721518889e-01 5.852272727272727071e-01 5.182481751824817851e-01
5.071574642126789323e-01 5.629397967161845484e-01 1.000000000000000000e+00 5.111662531017370226e-01 5.112359550561798027e-01 5.129533678756477144e-01 5.616438356164383805e-01 5.187319884726224739e-01 5.327635327635327211e-01 5.269978401727861694e-01 5.196629213483145993e-01 5.000000000000000000e-01 5.692934782608695121e-01 5.631659056316590251e-01 5.220500595947556999e-01 5.487288135593220151e-01 5.384615384615384359e-01 5.378378378378377844e-01 5.463917525773195338e-01 5.730659025787965266e-01
5.996955859969558267e-01 5.141672425708362359e-01 1.000000000000000000e+00 6.164623467600700568e-01 6.202290076335877922e-01 5.722021660649819763e-01 6.221122112211221467e-01 6.912621359223301010e-01 7.591522157996146714e-01 6.022187004754357975e-01 6.946564885496183672e-01 5.910326086956522174e-01 5.000000000000000000e-01 5.793939393939393501e-01 5.024826216484608032e-01 6.093750000000000000e-01 6.936416184971098131e-01 6.059479553903345250e-01 5.881294964028777050e-01 7.311411992263056048e-01
5.484429065743944287e-01 5.482456140350877583e-01 1.000000000000000000e+00 5.630081300813007950e-01 5.303370786516854452e-01 5.010526315789474161e-01 5.388994307400379880e-01 6.032110091743119185e-01 5.318181818181818565e-01 5.815217391304348116e-01 5.573033707865168163e-01 5.266362252663622234e-01 5.733333333333333615e-01 5.000000000000000000e-01 5.215517241379310498e-01 5.258467023172905819e-01 5.431818181818182101e-01 5.315904139433551556e-01 5.429769392033543252e-01 5.410958904109589573e-01
5.065789473684210176e-01 5.290322580645161477e-01 9.990375360923965387e-01 5.089020771513352859e-01 5.119617224880382844e-01 5.175038051750380230e-01 5.035260930888575404e-01 5.064724919093851474e-01 5.176848874598071193e-01 5.354223433242506491e-01 5.055821371610845771e-01 5.113230035756853864e-01 5.034756703078451245e-01 5.269396551724138122e-01 5.000000000000000000e-01 5.208613728129205533e-01 5.257234726688102544e-01 5.023400936037440978e-01 5.037936267071320140e-01 5.048387096774193949e-01
5.216284987277354235e-01 6.001690617075232659e-01 1.000000000000000000e+00 5.016286644951140072e-01 5.115384615384614975e-01 5.586206896551724199e-01 5.058479532163743242e-01 5.258964143426294591e-01 5.019607843137254832e-01 5.068119891008174838e-01 7.192307692307692291e-01 5.360169491525423879e-01 5.234375000000000000e-01 5.204991087344028600e-01 5.006729475100941684e-01 5.000000000000000000e-01 5.098039215686274161e-01 5.218978102189780754e-01 5.376712328767123683e-01 5.375494071146245112e-01
5.882352941176470784e-01 6.506591337099811856e-01 9.110707803992740272e-01 5.161290322580645018e-01 6.474820143884891799e-01 5.562130177514792440e-01 5.203619909502262830e-01 5.384615384615384359e-01 5.671641791044775838e-01 5.243902439024390461e-01 5.467625899280575963e-01 5.384615384615384359e-01 5.722543352601155986e-01 5.022727272727273151e-01 5.080385852090032461e-01 5.058823529411764497e-01 5.000000000000000000e-01 5.032679738562091387e-01 5.380116959064327187e-01 5.681818181818182323e-01
5.704467353951889752e-01 5.716928769657724230e-01 9.754385964912281048e-01 5.317073170731707599e-01 5.632911392405063333e-01 5.851063829787234161e-01 5.291666666666666741e-01 5.167785234899329172e-01 5.555555555555555802e-01 5.094339622641509413e-01 5.253164556962025555e-01 5.729729729729730048e-01 7.304832713754646489e-01 5.054466230936819349e-01 5.569422776911076012e-01 5.072992700729926918e-01 5.620915032679738577e-01 5.000000000000000000e-01 5.157894736842105754e-01 6.092715231788079500e-01
5.113268608414239802e-01 5.987261146496815067e-01 8.503401360544217136e-01 5.112107623318385974e-01 5.000000000000000000e-01 5.097087378640776656e-01 5.038759689922480689e-01 5.269461077844311836e-01 5.497076023391812560e-01 5.583038869257950232e-01 5.909090909090909394e-01 5.360824742268041065e-01 6.187050359712230607e-01 5.283018867924528239e-01 5.053110773899848196e-01 5.034246575342465890e-01 5.730994152046783308e-01 5.578947368421052211e-01 5.000000000000000000e-01 5.443786982248520756e-01
5.370370370370370905e-01 6.273584905660377631e-01 9.963570127504554064e-01 5.271739130434782705e-01 6.131386861313868897e-01 6.467065868263472961e-01 5.251141552511415789e-01 5.937500000000000000e-01 5.833333333333333703e-01 5.368852459016393297e-01 5.985401459854015060e-01 5.673352435530085724e-01 7.369439071566731281e-01 6.118721461187214272e-01 5.064516129032258229e-01 5.177865612648221427e-01 5.378787878787878451e-01 6.357615894039735371e-01 5.621301775147928836e-01 5.000000000000000000e-01
