experiment: chopi_debus
algorithm: convolutional autoencoders 
training data: faure, byrd, mozart(520) 
latent representation: dimension 32 vector 
init		time	inertia	homo	compl	v-meas	ARI	AMI	silhouette
PCA-based	0.02s	797908	0.016	0.018	0.017	0.026	0.015	__________________________________________________________________________________
[0 0 0 0 0 0 0 0 0 0 0 0 0 0 0 0 0 0 0 0 0 0 0 0 0 0 0 0 0 0 0 0 0 0 0 0 0
 0 0 0 0 0 0 0 0 0 0 0 0 0 0 0 0 0 0 0 0 0 0 0 0 0 0 0 0 0 0 0 0 0 0 0 0 0
 0 0 0 0 0 0 0 0 0 0 0 0 0 0 0 0 0 0 0 0 0 0 0 0 0 0 0 0 0 0 0 0 0 0 0 0 0
 0 0 0 0 0 0 0 0 0 0 0 0 0 0 0 0 0 0 0 0 0 0 0 0 0 0 0 0 0 0 0 0 0 0 0 0 1
 1 1 1 1 1 1 1 1 1 1 1 1 1 1 1 1 1 1 1 1 1 1 1 1 1 1 1 1 1 1 1 1 1 1 1 1 1
 1 1 1 1 1 1 1 1 1 1 1 1 1 1 1 1 1 1 1 1 1 1 1 1 1 1 1 1 1 1 1 1 1 1 1 1 1
 1 1 1 1 1 1 1 1 1 1 1 1 1 1 1 1 1 1 1 1 1 1 1 1 1 1 1 1 1 1 1 1 1 1 1 1 1
 1 1 1 1 1 1 1 1 1 1 1 1 1 1 1 1 1 1 1 1 1 1 1 1 1 1 1 1 1 1 1 1 1 1 1 1 1
 1 1 1 1 1 1 1 1 1 1 1 1 1 1 1 1 1 1 1 1 1 1 1 1 1 1 1 1]
[1 0 0 1 0 0 0 0 1 0 1 0 0 0 0 1 1 0 0 0 1 1 1 0 0 0 1 0 0 1 1 0 0 1 0 1 0
 0 1 1 1 0 0 0 1 0 0 1 1 0 1 0 1 1 0 1 0 0 0 0 0 0 1 0 1 0 0 1 0 0 0 0 0 0
 0 0 0 1 0 1 1 0 0 0 0 0 1 0 0 0 0 0 1 0 1 1 1 0 1 0 0 0 1 1 0 1 1 0 1 0 0
 1 0 0 0 0 1 0 0 0 0 1 0 1 1 1 0 0 1 1 1 0 0 0 0 0 0 1 1 0 0 1 0 1 0 0 0 0
 0 0 0 0 1 1 0 0 1 0 0 0 0 1 0 0 0 1 0 0 0 0 0 0 0 0 0 0 1 1 1 0 1 0 0 1 0
 1 0 0 0 0 0 0 0 0 0 0 0 0 0 1 0 1 0 1 1 0 0 0 0 0 0 0 1 0 0 1 0 0 0 0 0 0
 0 0 0 0 1 0 0 0 0 1 0 1 0 1 0 0 0 1 0 0 0 0 0 0 0 0 0 0 0 1 1 0 0 0 0 0 0
 0 0 0 1 1 0 0 0 1 1 0 1 0 0 1 0 0 0 0 1 1 0 0 0 0 0 0 1 1 1 0 0 1 0 0 0 0
 0 0 0 1 0 0 0 0 0 0 1 0 1 0 0 0 0 0 0 0 1 1 0 0 0 0 0 0]