
[scriabin_dir, shostakovich_dir, dandrieu_dir]

init		time	inertia	homo	compl	v-meas	ARI	AMI	silhouette
here 1
here 2
[0 0 0 0 0 0 0 0 0 0 0 0 0 0 0 0 0 0 0 0 0 0 0 0 0 0 0 0 0 0 0 0 0 0 0 0 0
 0 0 0 0 0 0 0 0 0 0 0 0 0 0 0 0 0 0 0 0 0 0 0 0 0 0 0 0 0 0 0 0 0 0 0 0 0
 0 0 0 0 0 0 0 0 0 0 0 1 1 1 1 1 1 1 1 1 1 1 1 1 1 1 1 1 1 1 1 1 1 1 1 1 1
 1 1 1 1 1 1 1 1 1 1 1 1 1 1 1 1 1 1 1 1 1 1 1 1 1 1 1 1 1 1 1 1 1 1 1 1 1
 1 1 1 1 1 1 1 1 1 1 1 1 1 1 1 1 1 1 1 1 1 1 1 1 1 1 1 1 1 1 1 1 1 1 1 1 1
 2 2 2 2 2 2 2 2 2 2 2 2 2 2 2 2 2 2 2 2 2 2 2 2 2 2 2 2 2 2 2 2 2 2 2 2 2
 2 2 2 2 2 2 2 2 2 2 2 2 2 2 2 2 2 2 2 2 2 2 2 2 2 2]
[1 1 1 1 1 1 1 1 0 1 1 0 1 0 1 1 1 1 1 1 1 1 1 1 1 1 1 1 1 1 1 1 1 1 1 1 0
 1 1 1 1 1 1 1 1 1 0 1 1 1 1 1 1 1 1 1 1 0 1 1 1 1 1 1 1 1 1 1 1 1 0 1 1 1
 0 1 1 1 0 1 1 1 1 1 1 0 1 0 1 0 1 1 1 1 1 1 1 2 1 0 1 0 0 0 1 1 1 1 1 1 1
 0 1 1 1 1 1 0 1 1 1 0 1 0 0 0 0 1 1 0 1 0 0 0 1 1 0 1 0 1 1 1 0 1 1 1 0 1
 1 0 1 1 0 0 1 0 0 0 0 1 0 1 0 0 1 1 1 0 1 1 1 1 0 1 1 1 1 1 1 0 0 1 1 1 0
 0 0 2 1 1 1 0 1 1 2 2 0 0 1 0 0 1 2 0 2 0 1 0 0 0 0 1 2 0 0 0 0 2 1 2 1 2
 2 1 1 1 1 0 2 0 1 0 0 0 1 0 0 0 1 1 0 1 2 1 1 0 0 0]
k-means++	0.04s	223848	0.123	0.166	0.141	0.107	0.133	
here 1
here 2
[0 0 0 0 0 0 0 0 0 0 0 0 0 0 0 0 0 0 0 0 0 0 0 0 0 0 0 0 0 0 0 0 0 0 0 0 0
 0 0 0 0 0 0 0 0 0 0 0 0 0 0 0 0 0 0 0 0 0 0 0 0 0 0 0 0 0 0 0 0 0 0 0 0 0
 0 0 0 0 0 0 0 0 0 0 0 1 1 1 1 1 1 1 1 1 1 1 1 1 1 1 1 1 1 1 1 1 1 1 1 1 1
 1 1 1 1 1 1 1 1 1 1 1 1 1 1 1 1 1 1 1 1 1 1 1 1 1 1 1 1 1 1 1 1 1 1 1 1 1
 1 1 1 1 1 1 1 1 1 1 1 1 1 1 1 1 1 1 1 1 1 1 1 1 1 1 1 1 1 1 1 1 1 1 1 1 1
 2 2 2 2 2 2 2 2 2 2 2 2 2 2 2 2 2 2 2 2 2 2 2 2 2 2 2 2 2 2 2 2 2 2 2 2 2
 2 2 2 2 2 2 2 2 2 2 2 2 2 2 2 2 2 2 2 2 2 2 2 2 2 2]
[2 2 2 2 2 2 2 2 0 2 2 0 2 0 2 2 2 2 2 2 2 2 2 2 2 2 2 2 2 2 2 2 2 2 2 2 0
 2 2 2 2 2 2 2 2 2 0 2 2 2 2 2 2 2 2 2 2 0 2 2 2 2 2 2 2 2 2 2 2 2 0 2 2 2
 0 2 2 2 0 2 2 2 2 2 2 0 2 0 2 0 2 2 2 2 2 2 2 1 2 0 2 0 0 0 2 2 2 2 2 2 2
 0 2 2 2 2 2 2 2 2 2 0 2 0 2 0 0 2 2 0 2 0 0 2 2 2 0 2 0 2 2 2 0 2 2 2 0 2
 2 0 2 2 0 2 2 0 0 0 0 2 0 2 0 2 2 2 2 0 2 2 2 2 0 2 2 2 2 2 2 0 0 2 2 2 0
 0 0 1 2 2 2 0 2 2 1 1 0 0 2 0 0 2 1 0 1 0 2 0 0 0 0 2 1 0 0 0 0 1 2 1 2 1
 1 2 2 2 2 0 1 0 2 0 0 0 2 0 0 0 2 2 0 2 1 2 2 0 0 0]
random   	0.02s	224021	0.119	0.165	0.138	0.105	0.130	
here 1
here 2
[0 0 0 0 0 0 0 0 0 0 0 0 0 0 0 0 0 0 0 0 0 0 0 0 0 0 0 0 0 0 0 0 0 0 0 0 0
 0 0 0 0 0 0 0 0 0 0 0 0 0 0 0 0 0 0 0 0 0 0 0 0 0 0 0 0 0 0 0 0 0 0 0 0 0
 0 0 0 0 0 0 0 0 0 0 0 1 1 1 1 1 1 1 1 1 1 1 1 1 1 1 1 1 1 1 1 1 1 1 1 1 1
 1 1 1 1 1 1 1 1 1 1 1 1 1 1 1 1 1 1 1 1 1 1 1 1 1 1 1 1 1 1 1 1 1 1 1 1 1
 1 1 1 1 1 1 1 1 1 1 1 1 1 1 1 1 1 1 1 1 1 1 1 1 1 1 1 1 1 1 1 1 1 1 1 1 1
 2 2 2 2 2 2 2 2 2 2 2 2 2 2 2 2 2 2 2 2 2 2 2 2 2 2 2 2 2 2 2 2 2 2 2 2 2
 2 2 2 2 2 2 2 2 2 2 2 2 2 2 2 2 2 2 2 2 2 2 2 2 2 2]
[0 0 0 0 0 0 0 0 2 0 0 2 0 2 0 0 0 0 0 0 0 0 0 0 0 0 0 0 0 0 0 0 0 0 0 0 2
 0 0 0 0 0 0 0 0 0 2 0 0 0 0 0 0 0 0 0 0 2 0 0 0 0 0 0 0 0 0 0 0 0 2 0 0 0
 2 0 0 0 2 0 0 0 0 0 0 2 0 2 0 2 0 0 0 0 0 0 0 1 0 2 0 2 2 2 0 0 0 0 0 0 0
 2 0 0 0 0 0 0 0 0 0 2 0 2 0 2 2 0 0 2 0 2 2 0 0 0 2 0 2 0 0 0 2 0 0 0 2 0
 0 2 0 0 2 0 0 2 2 2 2 0 2 0 2 0 0 0 0 2 0 0 0 0 2 0 0 0 0 0 0 2 2 0 0 0 2
 2 2 1 0 0 0 2 0 0 1 1 2 2 0 2 2 0 1 2 1 2 0 2 2 2 2 0 1 2 2 2 2 1 0 1 0 1
 1 0 0 0 0 2 1 2 0 2 2 2 0 2 2 2 0 0 2 0 1 0 0 2 2 2]
PCA-based	0.01s	224021	0.119	0.165	0.138	0.105	0.130	
__________________________________________________________________________________