1.000000000000000000e+00 8.283333333333333659e-01 6.182873730043541016e-01 7.500000000000000000e-01 7.436823104693141007e-01 9.804560260586319131e-01 5.598885793871866134e-01 5.223880597014924909e-01 8.308823529411765163e-01 5.494791666666666297e-01 6.317689530685920429e-01 5.787321063394682552e-01 7.184170471841704320e-01 5.397923875432526497e-01 9.868421052631578538e-01 5.241730279898219047e-01 7.830882352941176405e-01 5.120274914089346652e-01 5.048543689320388328e-01 5.148148148148148362e-01
8.116666666666666474e-01 1.000000000000000000e+00 7.146720757268424373e-01 8.868940754039497110e-01 9.334582942830365049e-01 8.012762078395624377e-01 8.607484769364665000e-01 9.338374291115312253e-01 9.303201506591337600e-01 9.386712095400340239e-01 9.259606373008434366e-01 7.466770914777169921e-01 6.834830684174153514e-01 7.222222222222222099e-01 6.380645161290322553e-01 8.284023668639053373e-01 9.303201506591337600e-01 9.139685476410730480e-01 8.999090081892630044e-01 9.320754716981132226e-01
6.182873730043541016e-01 6.686950642325896199e-01 1.000000000000000000e+00 7.661691542288556755e-01 8.723021582733813117e-01 6.058020477815699856e-01 8.307210031347962431e-01 8.829981718464351426e-01 7.295825771324864206e-01 9.110105580693815819e-01 7.068345323741007658e-01 6.289062500000000000e-01 5.523504273504273865e-01 5.122520420070011404e-01 9.759384023099133554e-01 7.217261904761904656e-01 7.023593466424682408e-01 6.982456140350876694e-01 6.411564625850340038e-01 6.539162112932604964e-01
7.469135802469135665e-01 8.824057450628366439e-01 7.761194029850746468e-01 1.000000000000000000e+00 9.633507853403141530e-01 1.000000000000000000e+00 8.791208791208791062e-01 9.725274725274725141e-01 5.967741935483871218e-01 6.711409395973154668e-01 5.759162303664921989e-01 9.727047146401984756e-01 8.633975481611207980e-01 7.662601626016259937e-01 9.910979228486647141e-01 6.612377850162866055e-01 8.225806451612903691e-01 9.170731707317073544e-01 8.789237668161434813e-01 9.239130434782608647e-01
5.126353790613717987e-01 9.297094657919400262e-01 8.723021582733813117e-01 9.633507853403141530e-01 1.000000000000000000e+00 5.977011494252874035e-01 6.902654867256636795e-01 5.111111111111110716e-01 5.107913669064748641e-01 7.171314741035856866e-01 5.069444444444444198e-01 8.033707865168538964e-01 8.664122137404580704e-01 8.426966292134830949e-01 8.867623604465709741e-01 7.269230769230768940e-01 5.035971223021582510e-01 5.506329113924051111e-01 5.511363636363636465e-01 8.248175182481751744e-01
9.804560260586319131e-01 9.006381039197812743e-01 8.242320819112628483e-01 1.000000000000000000e+00 5.977011494252874035e-01 1.000000000000000000e+00 9.921875000000000000e-01 9.939393939393939004e-01 9.881656804733728316e-01 9.964412811387900470e-01 9.655172413793103869e-01 5.621761658031088071e-01 6.787003610108303109e-01 7.536842105263157343e-01 8.325722983257229926e-01 1.000000000000000000e+00 8.224852071005916976e-01 1.000000000000000000e+00 9.902912621359223344e-01 9.940119760479041444e-01
5.598885793871866134e-01 8.607484769364665000e-01 6.943573667711598896e-01 9.010989010989011172e-01 6.902654867256636795e-01 9.921875000000000000e-01 1.000000000000000000e+00 9.723502304147465525e-01 8.009049773755656521e-01 5.885885885885885349e-01 5.442477876106194268e-01 9.611872146118721760e-01 8.811881188118811936e-01 8.083491461100569264e-01 9.887165021156558709e-01 7.017543859649122417e-01 5.475113122171946234e-01 6.250000000000000000e-01 6.434108527131783273e-01 5.707762557077625809e-01
5.223880597014924909e-01 9.338374291115312253e-01 8.829981718464351426e-01 9.725274725274725141e-01 5.111111111111110716e-01 9.939393939393939004e-01 9.723502304147465525e-01 1.000000000000000000e+00 9.769230769230768940e-01 9.876033057851240082e-01 9.333333333333333481e-01 5.129682997118155674e-01 7.320388349514562742e-01 5.825688073394494904e-01 9.854368932038835016e-01 8.964143426294820527e-01 7.615384615384614975e-01 9.865771812080537106e-01 5.688622754491018396e-01 8.203125000000000000e-01
6.764705882352941568e-01 9.303201506591337600e-01 8.765880217785844142e-01 5.913978494623656212e-01 9.496402877697841527e-01 9.881656804733728316e-01 8.190045248868778049e-01 9.692307692307692291e-01 1.000000000000000000e+00 7.886178861788617489e-01 6.187050359712230607e-01 8.062678062678062529e-01 8.169556840077071280e-01 5.999999999999999778e-01 9.839228295819936188e-01 7.333333333333332815e-01 6.567164179104477695e-01 6.993464052287581278e-01 7.836257309941520033e-01 7.803030303030302761e-01
5.494791666666666297e-01 9.463373083475298264e-01 9.110105580693815819e-01 8.724832214765100291e-01 7.171314741035856866e-01 9.964412811387900470e-01 5.195195195195194682e-01 9.917355371900826722e-01 7.886178861788617489e-01 1.000000000000000000e+00 6.892430278884462691e-01 9.740820734341252285e-01 9.635499207606973426e-01 8.931159420289854767e-01 9.904632152588556115e-01 5.149863760217984199e-01 7.357723577235771861e-01 5.924528301886792248e-01 8.162544169611307687e-01 7.090163934426229053e-01
6.317689530685920429e-01 9.268978444236176673e-01 8.687050359712230607e-01 5.759162303664921989e-01 9.027777777777777901e-01 9.655172413793103869e-01 5.221238938053097689e-01 9.481481481481481843e-01 6.187050359712230607e-01 6.892430278884462691e-01 1.000000000000000000e+00 9.550561797752809001e-01 8.263358778625954359e-01 5.910112359550562244e-01 9.856459330143541031e-01 7.192307692307692291e-01 7.050359712230215292e-01 5.569620253164556667e-01 7.215909090909090606e-01 9.124087591240875872e-01
5.787321063394682552e-01 7.724784988272087594e-01 6.289062500000000000e-01 9.627791563275434061e-01 8.033707865168538964e-01 5.699481865284974358e-01 9.520547945205479756e-01 5.878962536023054630e-01 9.658119658119658224e-01 9.740820734341252285e-01 9.550561797752809001e-01 1.000000000000000000e+00 6.929347826086956763e-01 5.692541856925418253e-01 9.308700834326579798e-01 9.067796610169491789e-01 8.603988603988603767e-01 8.270270270270270174e-01 7.577319587628865705e-01 6.074498567335243626e-01
6.834094368340943859e-01 6.413268832066344460e-01 5.523504273504273865e-01 8.633975481611207980e-01 8.664122137404580704e-01 6.787003610108303109e-01 8.828382838283828082e-01 7.320388349514562742e-01 8.188824662813102284e-01 9.635499207606973426e-01 8.263358778625954359e-01 6.154891304347825942e-01 1.000000000000000000e+00 5.781818181818181301e-01 9.900695134061568980e-01 7.078124999999999556e-01 7.919075144508670450e-01 8.382899628252787894e-01 7.176258992805755188e-01 7.350096711798839166e-01
5.363321799307958493e-01 6.922514619883041176e-01 5.099183197199532724e-01 9.146341463414634498e-01 8.426966292134830949e-01 7.536842105263157343e-01 8.538899430740037877e-01 5.527522935779816127e-01 7.045454545454545858e-01 8.931159420289854767e-01 5.820224719101123600e-01 5.692541856925418253e-01 5.781818181818181301e-01 1.000000000000000000e+00 9.892241379310344751e-01 6.666666666666666297e-01 5.159090909090908728e-01 9.389978213507624849e-01 5.555555555555555802e-01 6.232876712328767610e-01
9.868421052631578538e-01 9.200000000000000400e-01 9.634263715110683579e-01 9.910979228486647141e-01 8.883572567783094565e-01 8.325722983257229926e-01 9.887165021156558709e-01 9.854368932038835016e-01 9.839228295819936188e-01 9.904632152588556115e-01 9.856459330143541031e-01 6.626936829558999209e-01 9.900695134061568980e-01 8.459051724137931494e-01 1.000000000000000000e+00 9.878869448183041913e-01 9.855305466237942458e-01 9.890795631825273215e-01 9.863429438543247496e-01 9.854838709677419262e-01
5.623409669211195672e-01 8.368554522400676321e-01 7.217261904761904656e-01 6.514657980456025621e-01 7.269230769230768940e-01 1.000000000000000000e+00 5.467836257309941494e-01 7.450199203187251040e-01 7.333333333333332815e-01 5.177111716621253246e-01 7.192307692307692291e-01 6.038135593220338437e-01 7.078124999999999556e-01 6.666666666666666297e-01 9.878869448183041913e-01 1.000000000000000000e+00 7.333333333333332815e-01 6.240875912408758719e-01 6.438356164383561842e-01 7.391304347826086474e-01
5.882352941176470784e-01 9.303201506591337600e-01 8.765880217785844142e-01 8.225806451612903691e-01 5.035971223021582510e-01 8.224852071005916976e-01 5.158371040723982448e-01 7.538461538461538325e-01 6.343283582089552786e-01 7.357723577235771861e-01 6.978417266187050272e-01 8.803418803418803229e-01 7.919075144508670450e-01 5.181818181818181879e-01 9.855305466237942458e-01 7.333333333333332815e-01 1.000000000000000000e+00 6.143790849673202992e-01 6.725146198830409539e-01 7.500000000000000000e-01
6.185567010309278579e-01 9.139685476410730480e-01 6.982456140350876694e-01 9.414634146341462895e-01 5.569620253164556667e-01 1.000000000000000000e+00 6.208333333333333481e-01 9.865771812080537106e-01 6.993464052287581278e-01 6.528301886792452491e-01 5.886075949367088889e-01 7.648648648648648241e-01 8.382899628252787894e-01 9.389978213507624849e-01 9.890795631825273215e-01 6.824817518248175174e-01 6.143790849673202992e-01 1.000000000000000000e+00 6.842105263157894912e-01 6.754966887417218624e-01
5.016181229773463146e-01 8.116469517743403195e-01 6.411564625850340038e-01 8.789237668161434813e-01 6.022727272727272929e-01 9.902912621359223344e-01 6.434108527131783273e-01 5.568862275449101285e-01 7.485380116959063912e-01 6.077738515901059957e-01 7.215909090909090606e-01 7.293814432989690344e-01 7.302158273381295084e-01 5.534591194968553340e-01 9.863429438543247496e-01 6.438356164383561842e-01 6.783625730994151670e-01 6.842105263157894912e-01 1.000000000000000000e+00 5.502958579881657153e-01
5.148148148148148362e-01 9.320754716981132226e-01 8.797814207650273000e-01 9.130434782608695121e-01 5.182481751824817851e-01 9.940119760479041444e-01 5.753424657534246256e-01 8.203125000000000000e-01 7.424242424242424310e-01 7.090163934426229053e-01 8.978102189781022036e-01 8.108882521489971795e-01 7.350096711798839166e-01 6.347031963470319837e-01 5.629032258064515792e-01 7.391304347826086474e-01 7.500000000000000000e-01 9.337748344370860876e-01 5.857988165680473314e-01 1.000000000000000000e+00
