5.000000000000000000e-01 7.858333333333333837e-01 9.492017416545718289e-01 6.018518518518518601e-01 7.436823104693141007e-01 5.928338762214984126e-01 5.710306406685237146e-01 6.791044776119402604e-01 6.433823529411765163e-01 5.572916666666666297e-01 6.389891696750902295e-01 5.664621676891615776e-01 5.951293759512937820e-01 5.588235294117647189e-01 7.197368421052631193e-01 5.089058524173027953e-01 6.544117647058823595e-01 6.357388316151202368e-01 6.148867313915857835e-01 6.407407407407407218e-01
7.858333333333333837e-01 5.000000000000000000e-01 6.267748478701825610e-01 8.491921005385996146e-01 8.875351452671039754e-01 8.623518687329079224e-01 8.259355961705830973e-01 8.941398865784498939e-01 8.907721280602636238e-01 8.100511073253833239e-01 8.865979381443298557e-01 7.404222048475371798e-01 6.558396682791983734e-01 6.907894736842105088e-01 6.116129032258064147e-01 8.005071851225696866e-01 8.907721280602636238e-01 8.760407030527289640e-01 8.635122838944494505e-01 8.924528301886792692e-01
9.492017416545718289e-01 6.315077755240027235e-01 5.000000000000000000e-01 9.867330016583747421e-01 8.830935251798560648e-01 9.744027303754265734e-01 9.670846394984325967e-01 9.890310786106032426e-01 9.945553539019963418e-01 9.849170437405732059e-01 9.856115107913668849e-01 9.270833333333333703e-01 9.326923076923077094e-01 9.649941656942824242e-01 9.393647738209817133e-01 9.836309523809523281e-01 9.981851179673321139e-01 9.491228070175438125e-01 9.710884353741496833e-01 9.908925318761384604e-01
5.956790123456789932e-01 8.491921005385996146e-01 9.867330016583747421e-01 5.000000000000000000e-01 6.073298429319371472e-01 5.791855203619910020e-01 5.531135531135531469e-01 5.659340659340659219e-01 5.591397849462365066e-01 5.704697986577180746e-01 5.497382198952879273e-01 6.898263027295284955e-01 6.725043782837127893e-01 6.402439024390244038e-01 8.100890207715133462e-01 5.667752442996742968e-01 5.430107526881720048e-01 5.268292682926829507e-01 5.067264573991031584e-01 5.054347826086956763e-01
7.184115523465703923e-01 8.837863167760074967e-01 8.830935251798560648e-01 6.335078534031413078e-01 5.000000000000000000e-01 6.149425287356321546e-01 6.283185840707964376e-01 5.037037037037036535e-01 5.035971223021582510e-01 6.892430278884462691e-01 5.277777777777777901e-01 7.893258426966291985e-01 7.156488549618320594e-01 7.932584269662921184e-01 8.787878787878787845e-01 7.269230769230768940e-01 5.251798561151078681e-01 5.443037974683544444e-01 5.852272727272727071e-01 5.255474452554744769e-01
5.863192182410423836e-01 8.623518687329079224e-01 9.658703071672355422e-01 5.701357466063348145e-01 6.149425287356321546e-01 5.000000000000000000e-01 5.078125000000000000e-01 6.121212121212120660e-01 5.976331360946746107e-01 5.693950177935943602e-01 5.804597701149425415e-01 7.150259067357512821e-01 6.678700361010830866e-01 6.526315789473684514e-01 8.325722983257229926e-01 6.379310344827586743e-01 5.976331360946746107e-01 6.063829787234042978e-01 5.388349514563106624e-01 6.047904191616766401e-01
5.682451253481893838e-01 8.215839860748477275e-01 9.670846394984325967e-01 5.457875457875457359e-01 6.327433628318583914e-01 5.117187500000000000e-01 5.000000000000000000e-01 6.036866359447005115e-01 6.018099547511311931e-01 5.195195195195194682e-01 6.017699115044248259e-01 6.415525114155251618e-01 6.435643564356435808e-01 6.166982922201138528e-01 7.743300423131170840e-01 5.350877192982456121e-01 5.565610859728506998e-01 5.833333333333333703e-01 5.620155038759689914e-01 5.433789954337899797e-01
6.791044776119402604e-01 8.941398865784498939e-01 9.890310786106032426e-01 5.549450549450549719e-01 5.037037037037036535e-01 6.727272727272727293e-01 5.990783410138248444e-01 5.000000000000000000e-01 5.384615384615384359e-01 7.024793388429751984e-01 5.629629629629629983e-01 8.126801152737752609e-01 7.300970873786407633e-01 6.674311926605505096e-01 8.834951456310680129e-01 6.414342629482071567e-01 5.307692307692307709e-01 5.302013422818792066e-01 5.748502994011975842e-01 5.625000000000000000e-01
6.433823529411765163e-01 8.907721280602636238e-01 9.945553539019963418e-01 5.645161290322581182e-01 5.035971223021582510e-01 6.153846153846154188e-01 6.018099547511311931e-01 5.230769230769231060e-01 5.000000000000000000e-01 6.138211382113820669e-01 5.107913669064748641e-01 7.834757834757835049e-01 7.225433526011560970e-01 6.909090909090909172e-01 8.778135048231511250e-01 6.509803921568627638e-01 5.074626865671642006e-01 5.228758169934640820e-01 5.672514619883041176e-01 5.303030303030302761e-01
5.520833333333333703e-01 8.100511073253833239e-01 9.849170437405732059e-01 5.738255033557047025e-01 6.892430278884462691e-01 5.836298932384341720e-01 5.165165165165165329e-01 7.024793388429751984e-01 6.219512195121951192e-01 5.000000000000000000e-01 6.055776892430279057e-01 6.047516198704103729e-01 6.323296354992076207e-01 5.923913043478260532e-01 7.465940054495913136e-01 5.177111716621253246e-01 6.097560975609755962e-01 5.999999999999999778e-01 6.007067137809187773e-01 7.131147540983606703e-01
6.425992779783393782e-01 8.865979381443298557e-01 9.856115107913668849e-01 5.497382198952879273e-01 5.416666666666666297e-01 6.321839080459770166e-01 6.017699115044248259e-01 5.629629629629629983e-01 5.179856115107913661e-01 6.055776892430279057e-01 5.000000000000000000e-01 7.921348314606742047e-01 7.156488549618320594e-01 6.606741573033707571e-01 8.708133971291865949e-01 6.192307692307692513e-01 5.467625899280575963e-01 5.063291139240506666e-01 5.852272727272727071e-01 5.401459854014598605e-01
5.664621676891615776e-01 7.404222048475371798e-01 9.270833333333333703e-01 6.972704714640198809e-01 7.893258426966291985e-01 7.150259067357512821e-01 6.392694063926940284e-01 8.097982708933717522e-01 8.005698005698005382e-01 6.047516198704103729e-01 7.893258426966291985e-01 5.000000000000000000e-01 5.421195652173913526e-01 5.692541856925418253e-01 6.591179976162098164e-01 5.911016949152542166e-01 8.005698005698005382e-01 7.621621621621621490e-01 7.164948453608247503e-01 8.051575931232091143e-01
5.951293759512937820e-01 6.558396682791983734e-01 9.326923076923077094e-01 6.725043782837127893e-01 7.175572519083969203e-01 6.678700361010830866e-01 6.435643564356435808e-01 7.300970873786407633e-01 7.206165703275529966e-01 6.323296354992076207e-01 7.156488549618320594e-01 5.421195652173913526e-01 5.000000000000000000e-01 5.418181818181818654e-01 5.988083416087388589e-01 6.171875000000000000e-01 7.206165703275529966e-01 7.063197026022305369e-01 6.852517985611510376e-01 7.195357833655705582e-01
5.536332179930796293e-01 6.907894736842105088e-01 9.649941656942824242e-01 6.402439024390244038e-01 7.865168539325843033e-01 6.526315789473684514e-01 6.110056925996204535e-01 6.674311926605505096e-01 6.886363636363636020e-01 5.942028985507246119e-01 6.584269662921348187e-01 5.296803652968036236e-01 5.418181818181818654e-01 5.000000000000000000e-01 5.959051724137931494e-01 5.721925133689839127e-01 6.590909090909090606e-01 6.601307189542483522e-01 6.792452830188678847e-01 6.438356164383561842e-01
7.197368421052631193e-01 6.116129032258064147e-01 9.393647738209817133e-01 8.100890207715133462e-01 8.787878787878787845e-01 8.325722983257229926e-01 7.743300423131170840e-01 8.834951456310680129e-01 8.778135048231511250e-01 7.493188010899182183e-01 8.708133971291865949e-01 6.591179976162098164e-01 5.988083416087388589e-01 5.948275862068965747e-01 5.000000000000000000e-01 7.402422611036338918e-01 8.778135048231511250e-01 8.517940717628704750e-01 8.376327769347495789e-01 8.806451612903225534e-01
5.216284987277354235e-01 8.005071851225696866e-01 9.836309523809523281e-01 5.700325732899023112e-01 7.269230769230768940e-01 5.999999999999999778e-01 5.380116959064327187e-01 6.334661354581673232e-01 6.470588235294117974e-01 5.204359673024523403e-01 6.346153846153845812e-01 5.932203389830508211e-01 6.203125000000000444e-01 5.793226381461675789e-01 7.402422611036338918e-01 5.000000000000000000e-01 6.431372549019608309e-01 6.167883211678831801e-01 6.061643835616438158e-01 6.126482213438735336e-01
6.580882352941176405e-01 8.907721280602636238e-01 9.981851179673321139e-01 5.322580645161290036e-01 5.035971223021582510e-01 6.508875739644970349e-01 5.520361990950226616e-01 5.230769230769231060e-01 5.223880597014924909e-01 6.016260162601626549e-01 5.467625899280575963e-01 8.034188034188034511e-01 7.206165703275529966e-01 6.636363636363636909e-01 8.778135048231511250e-01 6.431372549019608309e-01 5.000000000000000000e-01 5.032679738562091387e-01 5.847953216374268681e-01 5.606060606060605522e-01
6.357388316151202368e-01 8.760407030527289640e-01 9.491228070175438125e-01 5.317073170731707599e-01 5.443037974683544444e-01 6.170212765957446832e-01 5.833333333333333703e-01 5.302013422818792066e-01 5.098039215686274161e-01 5.962264150943396013e-01 5.126582278481012223e-01 7.621621621621621490e-01 7.063197026022305369e-01 6.688453159041394258e-01 8.517940717628704750e-01 6.167883211678831801e-01 5.163398692810458046e-01 5.000000000000000000e-01 5.578947368421052211e-01 5.298013245033112995e-01
6.148867313915857835e-01 8.635122838944494505e-01 9.710884353741496833e-01 5.022421524663677195e-01 5.795454545454545858e-01 5.388349514563106624e-01 5.658914728682170603e-01 5.808383233532934398e-01 5.672514619883041176e-01 5.689045936395760172e-01 5.795454545454545858e-01 7.242268041237113207e-01 6.888489208633093996e-01 6.666666666666666297e-01 8.376327769347495789e-01 6.095890410958904049e-01 5.847953216374268681e-01 5.578947368421052211e-01 5.000000000000000000e-01 5.562130177514792440e-01
6.407407407407407218e-01 8.924528301886792692e-01 9.908925318761384604e-01 5.217391304347825942e-01 5.182481751824817851e-01 6.047904191616766401e-01 5.433789954337899797e-01 5.546875000000000000e-01 5.378787878787878451e-01 7.131147540983606703e-01 5.328467153284671687e-01 8.051575931232091143e-01 7.195357833655705582e-01 6.438356164383561842e-01 8.806451612903225534e-01 6.086956521739130821e-01 5.606060606060605522e-01 5.298013245033112995e-01 5.562130177514792440e-01 5.000000000000000000e-01
